eval_f = 0.9100529
eval_precision = 1.0
eval_recall = 0.83928573
global_step = 3688
loss = 0.13898124
