eval_f = 0.96219766
eval_precision = 0.9369078
eval_recall = 0.9893098
global_step = 3688
loss = 0.8621785
