eval_f = 0.8177084
eval_precision = 0.984375
eval_recall = 0.734375
global_step = 3688
loss = 0.3019004
