eval_f = 0.4516129
eval_precision = 0.4375
eval_recall = 0.46666667
global_step = 3688
loss = 0.10445318
