eval_f = 0.9354907
eval_precision = 0.88842344
eval_recall = 0.9895834
global_step = 3692
loss = 0.84520185
