eval_f = 0.8916025
eval_precision = 0.83216786
eval_recall = 0.96040374
global_step = 3688
loss = 0.48336056
