eval_f = 0.9220561
eval_precision = 0.90156066
eval_recall = 0.9499105
global_step = 3688
loss = 0.20738158
