eval_f = 0.92571425
eval_precision = 0.89529914
eval_recall = 0.9583334
global_step = 3688
loss = 0.045017134
