eval_f = 0.92105263
eval_precision = 0.8636364
eval_recall = 1.0
global_step = 3688
loss = 0.13213469
