eval_f = 0.5914213
eval_precision = 0.99492383
eval_recall = 0.55008054
global_step = 3697
loss = 1.7122035
