eval_f = 0.32000002
eval_precision = 0.4
eval_recall = 0.26666668
global_step = 3702
loss = 7.9627604
