eval_f = 0.9685726
eval_precision = 0.9473684
eval_recall = 0.9927536
global_step = 3688
loss = 0.08592728
