eval_f = 0.9377801
eval_precision = 0.9130142
eval_recall = 0.9639299
global_step = 3702
loss = 3.1664455
