eval_f = 0.9814815
eval_precision = 0.9710145
eval_recall = 0.99242425
global_step = 3688
loss = 0.30878523
